A:0.6:0,0.8,0.5,0.2;0.5,0.2,1,0.8;0,0.6,1,0.6
B:0.6:0,0.5,1,0.65;1,0.65,0,0.8:P
C:0.6:1,0.2,0,0.5;0,0.5,1,0.8
D:0.6:0.1,0.2,0.1,0.8;0,0.2,1,0.5;1,0.5,0,0.8
E:0.6:0,0.5,1,0.5:C
F:0.6:0,0.2,1,0.2;0,0.2,0,0.8;0,0.5,0.7,0.5
G:0.6:0.5,0.5,1,0.5;1,0.5,1,0.8:C
H:0.6:0,0.2,0,0.8;1,0.2,1,0.8;0,0.5,1,0.5
I:0.2:0.5,0.2,0.5,0.8
J:0.6:1,0.2,1,0.8;1,0.8,0,0.65
K:0.6:0,0.2,0,0.8;0,0.5,1,0.2;0,0.5,1,0.8
L:0.6:0,0.2,0,0.8;0,0.8,1,0.8
M:0.9:0,0.2,0,0.8;0,0.2,0.5,0.8;1,0.2,0.5,0.8;1,0.2,1,0.8
N:0.6:0,0.2,0,0.8;0,0.2,1,0.8;1,0.8,1,0.2
O:0.75:0.5,0.2,0,0.5;0,0.5,0.5,0.8;0.5,0.8,1,0.5;1,0.5,0.5,0.2
P:0.6:0.1,0.2,0.1,0.8;0,0.2,1,0.35;1,0.35,0,0.5
Q:0.75:0.5,0.5,1,0.8:O
R:0.6:0,0.5,1,0.8:P
S:0.6:1,0.2,0,0.4;0,0.4,1,0.6;1,0.6,0,0.8
T:0.75:0,0.2,1,0.2:I
U:0.6:1,0.8,1,0.2:L
V:0.6:0,0.2,0.5,0.8;0.5,0.8,1,0.2
W:1:0,0.2,0.25,0.8;0.25,0.8,0.5,0.2;0.5,0.2,0.75,0.8;0.75,0.8,1,0.2
X:0.6:0,0.2,1,0.8;1,0.2,0,0.8
Y:0.6:0,0.2,0.5,0.5;1,0.2,0,0.8
Z:0.6:0,0.2,1,0.2;1,0.2,0,0.8;0,0.8,1,0.8